{
  "advancedEditorSelectedIdentifier" : "ProjectBrowser",
  "openSceneRelativePaths" : [
    "Immersive.usda"
  ],
  "recentIdentifiers" : {
    "AF09ED6F-1707-48FD-8720-65B998362C09" : [

    ]
  },
  "sceneCameraHistory" : {
    "AF09ED6F-1707-48FD-8720-65B998362C09" : [
      {
        "date" : 765900278.005335,
        "title" : "Untitled",
        "transform" : [
          0.99767005,
          -0.00027471577,
          -0.06822151,
          0,
          -0.018232705,
          0.9625443,
          -0.2705107,
          0,
          0.065740526,
          0.27112433,
          0.96029675,
          0,
          0.34908792,
          5.74207,
          11.437081,
          1
        ]
      },
      {
        "date" : 765899997.407573,
        "title" : "Untitled",
        "transform" : [
          0.99588734,
          -0.00027471627,
          0.09059959,
          0,
          -0.0036847377,
          0.99904525,
          0.04353257,
          0,
          -0.09052506,
          -0.04368738,
          0.9949355,
          0,
          -1.5779608,
          1.875747,
          12.5654955,
          1
        ]
      },
      {
        "date" : 765899750.84002,
        "title" : "Untitled",
        "transform" : [
          0.99588734,
          -0.00027471627,
          0.09059959,
          0,
          -0.0036847377,
          0.99904525,
          0.04353257,
          0,
          -0.09052506,
          -0.04368738,
          0.9949355,
          0,
          -0.8157369,
          2.1006749,
          12.644725,
          1
        ]
      },
      {
        "date" : 765899747.228877,
        "title" : "Untitled",
        "transform" : [
          0.9983835,
          -0.00027471627,
          0.0568341,
          0,
          -0.0022089272,
          0.99904525,
          0.043632355,
          0,
          -0.05679184,
          -0.04368738,
          0.9974298,
          0,
          -0.3547679,
          1.9246701,
          11.60395,
          1
        ]
      },
      {
        "date" : 765899739.369575,
        "title" : "Untitled",
        "transform" : [
          0.9999981,
          -0.00027471434,
          -0.0019295111,
          0,
          -0.0016922698,
          0.3687186,
          -0.9295396,
          0,
          0.0009667921,
          0.92954105,
          0.36871743,
          0,
          0.71629417,
          10.433261,
          2.561324,
          1
        ]
      },
      {
        "date" : 765899733.86131,
        "title" : "Untitled",
        "transform" : [
          0.9975517,
          -0.0002747144,
          0.06993334,
          0,
          0.016765885,
          0.97176933,
          -0.23533668,
          0,
          -0.06789443,
          0.23593298,
          0.9693947,
          0,
          0.008693099,
          3.9344158,
          10.02231,
          1
        ]
      },
      {
        "date" : 765899723.655661,
        "title" : "Untitled",
        "transform" : [
          0.9975517,
          -0.0002747144,
          0.06993334,
          0,
          0.016765883,
          0.9717692,
          -0.23533665,
          0,
          -0.06789442,
          0.23593295,
          0.96939456,
          0,
          0.5209917,
          2.9574966,
          10.295955,
          1
        ]
      },
      {
        "date" : 765899715.820008,
        "title" : "Untitled",
        "transform" : [
          0.9986229,
          -0.0002747118,
          -0.052461784,
          0,
          -0.03591866,
          0.7252781,
          -0.68751836,
          0,
          0.038238253,
          0.68845594,
          0.7242694,
          0,
          1.6276944,
          7.6604905,
          7.32751,
          1
        ]
      },
      {
        "date" : 765899713.171519,
        "title" : "Untitled",
        "transform" : [
          0.9986229,
          -0.00027470855,
          -0.05246178,
          0,
          -0.035918664,
          0.7252781,
          -0.68751836,
          0,
          0.03823825,
          0.68845594,
          0.7242694,
          0,
          5.024092,
          14.819295,
          16.98862,
          1
        ]
      },
      {
        "date" : 765899711.946421,
        "title" : "Untitled",
        "transform" : [
          0.99862283,
          -0.00027470972,
          -0.052461784,
          0,
          -0.04789538,
          0.4033033,
          -0.91381204,
          0,
          0.021409044,
          0.91506636,
          0.4027347,
          0,
          9.944741,
          16.152472,
          11.172539,
          1
        ]
      }
    ]
  },
  "sceneViewportBackgroundColors" : {

  },
  "selectedSceneRelativePath" : "Immersive.usda"
}