{
  "advancedEditorSelectedIdentifier" : "ProjectBrowser",
  "openSceneRelativePaths" : [
    "Immersive.usda"
  ],
  "recentIdentifiers" : {
    "AF09ED6F-1707-48FD-8720-65B998362C09" : [

    ]
  },
  "sceneCameraHistory" : {
    "AF09ED6F-1707-48FD-8720-65B998362C09" : [
      {
        "date" : 765299890.802072,
        "title" : "Untitled",
        "transform" : [
          0.9599517,
          -0.00027480628,
          -0.28016517,
          0,
          -0.27998528,
          0.034898523,
          -0.9593698,
          0,
          0.010040987,
          0.99939084,
          0.03342392,
          0,
          -0.0051694275,
          0.8483168,
          0.012045272,
          1
        ]
      },
      {
        "date" : 765299887.547255,
        "title" : "Untitled",
        "transform" : [
          0.99954,
          -0.00027480628,
          -0.030325962,
          0,
          -0.030297874,
          0.03489846,
          -0.9989314,
          0,
          0.001332847,
          0.99939084,
          0.034874048,
          0,
          -0.008026499,
          0.8483168,
          0.010362714,
          1
        ]
      },
      {
        "date" : 765299857.871809,
        "title" : "Untitled",
        "transform" : [
          0.9900172,
          -0.00027480628,
          -0.1409463,
          0,
          -0.14085092,
          0.03489852,
          -0.98941547,
          0,
          0.005190716,
          0.99939084,
          0.034511395,
          0,
          -0.006828226,
          0.8483168,
          0.011188693,
          1
        ]
      },
      {
        "date" : 765299851.61508,
        "title" : "Untitled",
        "transform" : [
          0.99032444,
          -0.00027480625,
          -0.13877062,
          0,
          -0.13867658,
          0.03489852,
          -0.9897226,
          0,
          0.0051148734,
          0.99939084,
          0.03452272,
          0,
          -0.007662559,
          0.9820851,
          -0.01175057,
          1
        ]
      },
      {
        "date" : 765299813.298107,
        "title" : "Untitled",
        "transform" : [
          0.9906645,
          -0.00027480625,
          -0.1363222,
          0,
          -0.13622965,
          0.03489852,
          -0.99006236,
          0,
          0.0050295205,
          0.99939084,
          0.03453526,
          0,
          -16.97618,
          2184.0674,
          -26.174234,
          1
        ]
      },
      {
        "date" : 765299805.278295,
        "title" : "Untitled",
        "transform" : [
          0.9906645,
          -0.00027480625,
          -0.1363222,
          0,
          -0.13622965,
          0.03489852,
          -0.99006236,
          0,
          0.0050295205,
          0.99939084,
          0.03453526,
          0,
          -4.6229234,
          594.7614,
          -7.127722,
          1
        ]
      },
      {
        "date" : 765299410.731553,
        "title" : "Untitled",
        "transform" : [
          0.99995154,
          -0.00027481458,
          0.009840334,
          0,
          0.009843923,
          0.034898493,
          -0.9993423,
          0,
          -6.877891e-05,
          0.99939084,
          0.03489951,
          0,
          -0.005977417,
          1.0064824,
          -0.013075144,
          1
        ]
      },
      {
        "date" : 765299405.922653,
        "title" : "Untitled",
        "transform" : [
          0.9979676,
          -0.00027481458,
          -0.06372288,
          0,
          -0.0636745,
          0.034898497,
          -0.9973603,
          0,
          0.0024979222,
          0.99939084,
          0.03481007,
          0,
          -0.006922779,
          1.0064824,
          -0.01260016,
          1
        ]
      },
      {
        "date" : 765299398.718998,
        "title" : "Untitled",
        "transform" : [
          0.99862516,
          -0.00027481458,
          0.052418735,
          0,
          0.052396376,
          0.03489891,
          -0.99801636,
          0,
          -0.0015550875,
          0.99939084,
          0.034865335,
          0,
          -0.005415153,
          1.0064824,
          -0.013317436,
          1
        ]
      },
      {
        "date" : 765299386.373089,
        "title" : "Untitled",
        "transform" : [
          0.9985544,
          -0.00027481452,
          0.05374948,
          0,
          0.05366906,
          0.060014546,
          -0.99675363,
          0,
          -0.0029518285,
          0.9981975,
          0.059942544,
          0,
          -0.0067577465,
          1.0064914,
          0.011947812,
          1
        ]
      }
    ]
  },
  "sceneViewportBackgroundColors" : {

  },
  "selectedSceneRelativePath" : "Immersive.usda"
}