{
  "advancedEditorSelectedIdentifier" : "ProjectBrowser",
  "openSceneRelativePaths" : [
    "Immersive.usda"
  ],
  "recentIdentifiers" : {
    "25FA0CF8-12CA-43C1-8918-E7AB8A30AFD2" : [

    ],
    "AF09ED6F-1707-48FD-8720-65B998362C09" : [

    ]
  },
  "sceneCameraHistory" : {
    "25FA0CF8-12CA-43C1-8918-E7AB8A30AFD2" : [
      {
        "date" : 765359278.465995,
        "title" : "Untitled",
        "transform" : [
          0.99947417,
          -8.74153e-11,
          0.032425966,
          0,
          0.01904357,
          0.80937374,
          -0.5869851,
          0,
          -0.026244724,
          0.5872939,
          0.80894816,
          0,
          -0.11295469,
          2.7506092,
          -3.2821922,
          1
        ]
      },
      {
        "date" : 765297193.692191,
        "title" : "Untitled",
        "transform" : [
          0.99947417,
          -8.74153e-11,
          0.032425966,
          0,
          0.01904357,
          0.80937374,
          -0.5869851,
          0,
          -0.026244724,
          0.5872939,
          0.80894816,
          0,
          -0.007547442,
          0.39184892,
          -6.5312037,
          1
        ]
      },
      {
        "date" : 765297168.001615,
        "title" : "Untitled",
        "transform" : [
          0.99947417,
          -8.74153e-11,
          0.032425966,
          0,
          0.01904357,
          0.80937374,
          -0.5869851,
          0,
          -0.026244724,
          0.5872939,
          0.80894816,
          0,
          -0.008170848,
          0.40579924,
          -6.511988,
          1
        ]
      },
      {
        "date" : 765297164.569018,
        "title" : "Untitled",
        "transform" : [
          0.99947417,
          -8.74153e-11,
          0.032425966,
          0,
          0.01904357,
          0.80937374,
          -0.5869851,
          0,
          -0.026244724,
          0.5872939,
          0.80894816,
          0,
          -0.008076968,
          0.40369844,
          -6.514881,
          1
        ]
      },
      {
        "date" : 765297143.382099,
        "title" : "Untitled",
        "transform" : [
          1,
          0,
          0,
          0,
          0,
          0.7071069,
          -0.7071067,
          0,
          0,
          0.7071067,
          0.7071069,
          0,
          0.009963274,
          0.48605603,
          -6.5848856,
          1
        ]
      },
      {
        "date" : 765297142.168945,
        "title" : "Untitled",
        "transform" : [
          1,
          0,
          0,
          0,
          0,
          0.7071069,
          -0.7071067,
          0,
          0,
          0.7071067,
          0.7071069,
          0,
          0.14910465,
          0.55613947,
          -6.6549687,
          1
        ]
      },
      {
        "date" : 765297139.486716,
        "title" : "Untitled",
        "transform" : [
          1,
          0,
          0,
          0,
          0,
          0.7071069,
          -0.7071067,
          0,
          0,
          0.7071067,
          0.7071069,
          0,
          0.10157656,
          0.40787125,
          -6.5067005,
          1
        ]
      },
      {
        "date" : 765297131.043699,
        "title" : "Untitled",
        "transform" : [
          1,
          0,
          0,
          0,
          0,
          0.7071069,
          -0.7071067,
          0,
          0,
          0.7071067,
          0.7071069,
          0,
          0.03235217,
          0.49263692,
          -6.591466,
          1
        ]
      },
      {
        "date" : 765297122.485009,
        "title" : "Untitled",
        "transform" : [
          1,
          0,
          -0,
          0,
          -0,
          0.7071069,
          -0.7071067,
          0,
          0,
          0.7071067,
          0.7071069,
          0,
          5.066395e-07,
          0.6524017,
          -6.4952517,
          1
        ]
      },
      {
        "date" : 765297114.050973,
        "title" : "Untitled",
        "transform" : [
          1,
          0,
          -0,
          0,
          -0,
          0.7071069,
          -0.7071067,
          0,
          0,
          0.7071067,
          0.7071069,
          0,
          -2.0861626e-07,
          3.4870894,
          1.3311238,
          1
        ]
      }
    ],
    "AF09ED6F-1707-48FD-8720-65B998362C09" : [
      {
        "date" : 765894595.41737,
        "title" : "Untitled",
        "transform" : [
          0.9999862,
          0,
          0.005264258,
          0,
          0.0037223923,
          0.7071069,
          -0.70709693,
          0,
          -0.0037223932,
          0.7071067,
          0.7070971,
          0,
          -0.01879473,
          3.5871422,
          3.8684406,
          1
        ]
      },
      {
        "date" : 765894568.007429,
        "title" : "Untitled",
        "transform" : [
          0.9999862,
          0,
          0.005264258,
          0,
          0.0037223923,
          0.7071069,
          -0.70709693,
          0,
          -0.0037223932,
          0.7071067,
          0.7070971,
          0,
          -0.0054575833,
          1.0416288,
          1.1233118,
          1
        ]
      },
      {
        "date" : 765894526.091818,
        "title" : "Untitled",
        "transform" : [
          0.9999862,
          0,
          0.005264258,
          0,
          0.0037223923,
          0.7071069,
          -0.70709693,
          0,
          -0.0037223932,
          0.7071067,
          0.7070971,
          0,
          -25.728662,
          4910.5454,
          5295.624,
          1
        ]
      },
      {
        "date" : 765894513.670939,
        "title" : "Untitled",
        "transform" : [
          1,
          0,
          -0,
          0,
          -0,
          0.7071069,
          -0.7071067,
          0,
          0,
          0.7071067,
          0.7071069,
          0,
          0.00022888184,
          0.5229492,
          0.56396484,
          1
        ]
      },
      {
        "date" : 765894512.045679,
        "title" : "Untitled",
        "transform" : [
          1,
          0,
          -0,
          0,
          -0,
          0.7071069,
          -0.7071067,
          0,
          0,
          0.7071067,
          0.7071069,
          0,
          95.74046,
          7715.189,
          5987.572,
          1
        ]
      },
      {
        "date" : 765894509.320159,
        "title" : "Untitled",
        "transform" : [
          1,
          0,
          -0,
          0,
          -0,
          0.7071069,
          -0.7071067,
          0,
          0,
          0.7071067,
          0.7071069,
          0,
          -0.0002593994,
          0.52160645,
          0.5629883,
          1
        ]
      },
      {
        "date" : 765894507.720066,
        "title" : "Untitled",
        "transform" : [
          1,
          0,
          0,
          0,
          0,
          0.7071069,
          -0.70710677,
          0,
          0,
          0.70710677,
          0.7071069,
          0,
          89.958786,
          1269.1632,
          1101.0903,
          1
        ]
      },
      {
        "date" : 765894351.87022,
        "title" : "Untitled",
        "transform" : [
          1,
          0,
          0,
          0,
          0,
          0.7071069,
          -0.70710677,
          0,
          0,
          0.70710677,
          0.7071069,
          0,
          68.789505,
          970.5013,
          841.9796,
          1
        ]
      },
      {
        "date" : 765359344.115817,
        "title" : "Untitled",
        "transform" : [
          1,
          0,
          0,
          0,
          0,
          0.7071069,
          -0.70710677,
          0,
          0,
          0.70710677,
          0.7071069,
          0,
          0.10837288,
          1.5289545,
          1.326478,
          1
        ]
      },
      {
        "date" : 765359341.144725,
        "title" : "Untitled",
        "transform" : [
          1,
          0,
          0,
          0,
          0,
          0.7071069,
          -0.70710677,
          0,
          0,
          0.70710677,
          0.7071069,
          0,
          0.08025806,
          2.0508087,
          0.80462384,
          1
        ]
      }
    ]
  },
  "sceneViewportBackgroundColors" : {

  },
  "selectedSceneRelativePath" : "Immersive.usda"
}