{
  "advancedEditorSelectedIdentifier" : "ProjectBrowser",
  "openSceneRelativePaths" : [
    "Materials\/GridMaterial.usda"
  ],
  "recentIdentifiers" : {

  },
  "sceneCameraHistory" : {
    "2C9F4B51-6F02-49CE-BFB6-15E301BF0368" : [
      {
        "date" : 765882631.045,
        "title" : "Untitled",
        "transform" : [
          0.9998142,
          -1.6195824e-10,
          -0.019275794,
          0,
          -0.009637939,
          0.8660241,
          -0.4999093,
          0,
          0.016693301,
          0.5000022,
          0.8658632,
          0,
          138.91542,
          1207.7694,
          -10892.96,
          1
        ]
      },
      {
        "date" : 765453878.25793,
        "title" : "Untitled",
        "transform" : [
          0.9998141,
          -1.6195822e-10,
          -0.019275792,
          0,
          -0.009637939,
          0.8660241,
          -0.4999093,
          0,
          0.016693301,
          0.5000022,
          0.8658632,
          0,
          82.581116,
          717.9833,
          -6475.5435,
          1
        ]
      },
      {
        "date" : 765453875.310374,
        "title" : "Untitled",
        "transform" : [
          0.9996087,
          -1.6195822e-10,
          -0.027970847,
          0,
          -0.013985486,
          0.8660241,
          -0.49980658,
          0,
          0.024223428,
          0.5000022,
          0.8656853,
          0,
          24.202549,
          661.79047,
          -5969.173,
          1
        ]
      },
      {
        "date" : 765453872.543772,
        "title" : "Untitled",
        "transform" : [
          0.9996087,
          -1.6195822e-10,
          -0.027970847,
          0,
          -0.013985486,
          0.8660241,
          -0.49980658,
          0,
          0.024223428,
          0.5000022,
          0.8656853,
          0,
          81.9149,
          1217.0483,
          -2476.6597,
          1
        ]
      },
      {
        "date" : 765453858.437678,
        "title" : "Untitled",
        "transform" : [
          0.9996087,
          -1.6195822e-10,
          -0.027970847,
          0,
          -0.013985486,
          0.8660241,
          -0.49980658,
          0,
          0.024223428,
          0.5000022,
          0.8656853,
          0,
          24.202423,
          661.78906,
          -5969.173,
          1
        ]
      },
      {
        "date" : 765453856.517439,
        "title" : "Untitled",
        "transform" : [
          0.9996087,
          3.0370306e-10,
          -0.027970847,
          0,
          -0.013985487,
          0.8660241,
          -0.49980658,
          0,
          0.024223428,
          0.5000022,
          0.8656853,
          0,
          378.76013,
          6062.934,
          6506.9707,
          1
        ]
      },
      {
        "date" : 765453854.366326,
        "title" : "Untitled",
        "transform" : [
          0.9996087,
          -5.926015e-11,
          -0.02797085,
          0,
          -0.007874903,
          0.95954955,
          -0.28142947,
          0,
          0.02683942,
          0.28153965,
          0.95917416,
          0,
          12.657628,
          204.88922,
          -6417.4917,
          1
        ]
      },
      {
        "date" : 765453850.674752,
        "title" : "Untitled",
        "transform" : [
          0.9997357,
          2.6678664e-09,
          -0.022992961,
          0,
          -0.016258476,
          0.7071069,
          -0.7069197,
          0,
          0.016258478,
          0.7071067,
          0.70692,
          0,
          4.957307,
          514.59924,
          -6601.0776,
          1
        ]
      },
      {
        "date" : 765453848.245976,
        "title" : "Untitled",
        "transform" : [
          0.9997357,
          2.6678664e-09,
          -0.022992961,
          0,
          -0.016258476,
          0.7071069,
          -0.7069197,
          0,
          0.016258478,
          0.7071067,
          0.70692,
          0,
          14.757168,
          940.85693,
          -6173.659,
          1
        ]
      },
      {
        "date" : 765388640.48334,
        "title" : "Untitled",
        "transform" : [
          0.9997357,
          1.9551103e-09,
          -0.022992963,
          0,
          -0.016258476,
          0.7071069,
          -0.7069197,
          0,
          0.01625848,
          0.7071067,
          0.70692,
          0,
          66.79027,
          3216.8215,
          -5854.4883,
          1
        ]
      }
    ],
    "AF09ED6F-1707-48FD-8720-65B998362C09" : [
      {
        "date" : 765211411.388389,
        "title" : "Untitled",
        "transform" : [
          -0.05939912,
          9.171597e-10,
          -0.99823433,
          0,
          0.9856233,
          0.15845217,
          -0.058648705,
          0,
          0.15817238,
          -0.9873667,
          -0.009411915,
          0,
          -13.434998,
          -817.73895,
          -7071.373,
          1
        ]
      },
      {
        "date" : 765211402.874217,
        "title" : "Untitled",
        "transform" : [
          1,
          0,
          0,
          0,
          0,
          0.7071069,
          -0.7071067,
          0,
          0,
          0.7071067,
          0.7071069,
          0,
          -143.2948,
          584.70276,
          -6477.35,
          1
        ]
      },
      {
        "date" : 765211395.894711,
        "title" : "Untitled",
        "transform" : [
          1,
          0,
          -0,
          0,
          -0,
          0.7071069,
          -0.7071067,
          0,
          0,
          0.7071067,
          0.7071069,
          0,
          0.00024414062,
          625.6167,
          -6518.264,
          1
        ]
      }
    ]
  },
  "sceneViewportBackgroundColors" : {

  }
}